trials: 0 seconds: 269.6553659439087
trials: 1 seconds: 532.9811019897461
trials: 2 seconds: 798.7112417221069
